-1.229582077209188551e+00
-2.035029495575646497e+00
3.188355691863370200e+00
1.636419604210784584e+00
-1.079930687277800061e+00
-4.168059070736931937e-02
1.137987153502786120e+00
1.801079908146885122e+00
-3.917669829341316468e-02
-7.450921963008709348e+00
5.196904056764444224e-01
1.026425882022294234e+00
-3.836714314580603080e+00
2.203869715582738031e+00
-1.052673757294482204e+00
3.808609432800250105e-01
4.349008047133159138e+00
-2.608534081260653004e+00
7.695432904940260332e-01
2.866138338861589641e-01
-5.112820931839943128e+00
3.427436168094992186e-01
2.408557937272595595e+00
1.552541780804029825e-01
-2.642370055400053430e-01
-1.831318650730254793e+00
-2.722365788065865821e+00
-7.769065944149404768e-01
1.463422683496677701e+00
-2.183998651227143206e+00
5.806027957519475091e-01
-1.591819237356374206e+00
5.935434619824297986e-01
3.032472714205972086e-02
2.745028309488895868e+00
1.440368856811614418e+00
-6.385060130202929729e-01
-1.267430803960968744e+00
1.699291478289977952e+00
-6.084526060514032775e-01
3.872811933901913473e-01
-1.053202749487295309e+00
7.566527431438896389e-02
9.163168870931003018e-02
2.318897748478980780e+00
2.485451671213820823e+00
1.589599317100852005e+00
5.764582667543992622e-01
2.330990332572820734e+00
-2.344383305030399711e-01
1.008892132207458214e+00
-1.928311063712201678e-01
-7.448587407536348959e-01
1.528832171600517764e+00
1.122463847039073315e+00
2.294598596714044980e+00
-3.548484204093950711e-01
2.272652199001944151e+00
2.462311572660392578e+00
-4.281377248908553312e+00
-6.413674216457634358e-01
-2.613406693675589754e+00
-1.228589446850793188e+00
2.185522314624375184e+00
6.398199688382586459e-01
-9.813629917549204773e-02
-3.163233050229393051e+00
-1.136507388451101663e+00
-8.505713647037773661e-01
-8.672852360980654041e-01
-1.493311613387139358e-01
-1.907027492084060416e+00
1.024402851204837761e+00
9.411887074065425907e-01
5.469347698579302142e-02
2.660610702241707592e+00
-9.179121477302248922e-02
6.094552371956820647e-01
-8.005906088630562745e-02
-2.794160465203194832e+00
-1.393244193277388410e-01
2.769953883988421239e+00
-1.546144878260301558e-01
4.913012219852252449e-01
8.224155517241862334e-01
2.070432968013262265e+00
-5.609884485116966024e-01
6.825626274414179351e-01
4.423382156338975246e-01
-3.379904076651485401e-01
-7.290442859883464188e-02
-1.737463930277458823e+00
5.993461142076258241e+00
8.590348887684514656e-01
9.749419159136674118e-01
-1.053496723633112531e+00
-7.063175796335301460e-01
-2.796132116440053217e-02
-3.836217641754593899e+00
-2.112141722504440100e+00
-2.504895092981228033e-01
3.023259850182604680e+00
1.721300146350738247e+00
-2.225749024952834887e+00
1.608898950524374927e+00
8.206492312430041514e-02
2.494733300174468482e+00
-9.952630790939221983e-01
-2.132224416862698035e+00
-1.387492594749179853e+00
2.420905972693702335e+00
7.915124957520074389e-01
1.951736418550433783e+00
2.516378458221274705e+00
-2.154574158902966996e+00
3.736564734959584300e-01
-5.446153980000185690e-01
-3.293449730872548997e+00
6.128459662675012076e-01
7.339511587404414783e-01
1.320102402656731178e+00
-2.026634690184364040e-01
-2.389231776683058972e-01
-1.247774768234435117e+00
-6.717857529826583018e-01
-5.169553942097926402e-01
1.561441114851928325e-01
1.074690477932964239e+00
1.281830868930075695e+00
-3.813813176011074391e-01
1.173959867094783727e+00
3.870359182603993475e-01
3.422093906276977737e+00
-6.796897462191535677e-01
-7.854431463881660358e-01
-1.595918310319463185e+00
-1.650907733249368015e+00
-1.679522751392184876e+00
-1.776443492200181717e+00
-4.989875264662435583e+00
-1.227873253898487782e+00
1.052625961683971045e+00
3.948779367613714175e+00
8.361054183991091238e-01
6.966989758237615016e-01
-1.489399151890394180e+00
1.244060775951085995e+00
1.547253821759981385e+00
-2.415001189735914155e-01
-6.031329396258386488e+00
1.281617625659140725e+00
-2.466002460116952122e+00
-2.469553101386186889e+00
3.731299193109973711e-01
1.039318471451396997e+00
-6.278673865798303666e+00
-2.350714575497131698e+00
-7.007843840764055310e-01
2.050695165254662555e+00
5.135099141208955942e+00
-1.649071921125011553e+00
-4.865548587432407812e-01
-1.526068967089990513e+00
3.412595694295774140e-01
-4.363725716687968159e+00
-1.933071210615332713e+00
-7.512501428881732224e+00
-4.263445202980002513e+00
-1.562354877708994838e+00
1.038189608917052364e+00
-8.107352455893455101e+00
-4.414559878555197159e+00
-2.825372103703010396e+00
-6.791142832098110205e+00
3.578179967124839322e-03
2.838665514408548862e+00
-2.096154607920031498e+00
7.957982740454347947e+00
-3.340978051068474119e+00
-1.150863587179136394e+00
-3.452247620933567962e+00
-9.183848549536193229e-01
-1.571836655339518440e+00
-3.639406694618961602e+00
1.624333927747818151e+00
-4.297103308625516149e+00
-3.459063667796887231e-01
1.217249940867033864e+00
1.963647335221423207e+00
-1.211704507087292937e+00
2.040054228952082660e+00
-6.117143412462205943e-01
3.082307495116642038e+00
4.459681324692954085e+00
-4.006614056872592755e+00
1.168926162709477135e-02
-3.580087153412376821e+00
-8.547155297582483158e+00
-7.670967031533111324e-01
1.424853861932903865e+00
-6.913120243503344753e+00
6.755521806402774665e+00
8.756929676075257962e-01
-5.015493870245996355e+00
2.010811222708988488e+00
-4.324426291686848112e-01
-1.179635164716325013e-01
5.390550100738509265e+00
2.222418112564097825e+00
-4.422690549484945777e+00
-2.612211934859059337e+00
-2.531290224533979671e-01
5.808933777093009176e+00
3.459416644437128596e+00
1.415465338299119358e+00
4.585419413965842850e+00
-4.495908181705454254e+00
-9.224151910951088329e-01
-1.814912457511494104e+00
8.074125349406187091e-01
4.274593381384203639e+00
-3.182860267832713141e+00
-3.210457424100300106e+00
-2.052962912023946096e+00
-1.257206708278232998e+00
-8.506176324470920980e-02
-1.133203095089195811e+00
1.107236760125336783e+00
-1.137106902174239043e+00
7.666936182827878143e-01
1.361631802199522179e+00
3.685112795802693020e-01
4.559162265233053901e+00
3.500985792869449664e+00
2.101900702182068592e+00
-2.307975278237076822e+00
1.456032224172227219e+00
8.774327184490258169e-01
3.546919326291068653e-01
2.730712843647656873e-01
1.009067435783683742e+00
3.821780130589168545e-01
-5.409786278753991873e-02
3.415148817434009998e-01
-1.750345007891241089e-01
2.490272807665091737e+00
-7.461560844806347514e-01
-1.562025696359686133e+00
-2.606100693232279220e+00
1.159121259025260864e+00
-2.065624043316800940e+00
3.088094105950099255e+00
1.217884483540941254e+00
1.160954623874959735e+00
-1.821802710211401832e+00
-1.430393397122932786e+00
-4.462106075474492339e-02
3.072299943329249050e+00
1.117571343474549561e+00
-1.462508523075880529e+00
-3.522654633337674923e+00
-1.348699001648268725e+00
-2.983797283001600853e+00
6.492324779235869592e-01
2.039736593664994935e+00
