-5.948078715403734007e-01
5.907991477404518355e-01
6.761742812339149866e-01
-6.687127860270241086e-01
-4.037571885145637696e-01
2.266679088709738998e+00
3.338300768889904679e-01
1.111751394192352693e+00
-7.602269560450329866e-01
-2.278814369803330742e+00
-2.298926528211110987e-01
-6.409045964371606896e-01
2.052022418546051608e+00
-8.269832333628790444e-01
-9.546297633927856019e-01
1.876884823004452141e+00
-1.201345585910263303e+00
-1.146780211442608666e+00
1.226683749512852417e+00
-1.142032054470862645e+00
-1.501323439502273427e+00
-2.463029947876804737e+00
-1.134992983418182111e-01
-1.637376047981376592e+00
9.690451218600451000e-01
-2.287935064359135406e+00
1.733837703389003726e-01
-9.972842995756675544e-01
-9.006435422412546465e-01
1.150378980025852149e+00
-8.357317215960674561e-01
-5.975844157789373945e-01
-2.677754141130648247e-01
2.188718337342357767e+00
7.420520788190918537e-01
-9.066390664509085262e-01
1.532792540887277233e-01
-4.957526183369813655e-01
2.710978918376233948e-01
-1.463795124839823325e+00
-8.380437386630796848e-01
-1.365358636234675904e-01
2.125693677614776123e-01
-5.473512660636370430e-01
-1.923479238931980362e+00
-3.775304393723433183e-02
-1.024507904874283060e-01
-4.413531024235527456e-01
4.763126642049110293e-01
7.745079211501651462e-03
-4.551837885531895278e-02
-4.346176544687578303e-01
-1.099883654307073799e+00
1.130844903563201109e+00
-7.772917925218634227e-01
-1.314654648022760108e+00
-4.921997258936636199e-01
-8.940925284326252109e-01
3.375711329415708173e-01
-1.882129822144519848e-01
2.642738509478163023e-01
-7.333079960440261891e-01
6.165848901617414501e-01
6.743119110718023279e-01
-2.421657323646271287e-01
1.089099873466409463e+00
-8.648354926257427744e-01
1.374660385331231138e+00
-1.510734607206491331e+00
6.272887429354681021e-01
1.194267363763908074e+00
2.486431544352125655e-01
1.443442397373116304e+00
7.455948306791084779e-01
4.980583357884573736e-01
-6.243905817989228169e-01
-2.395942654468373512e+00
4.292256614286133476e-01
-1.241752150458211856e-01
2.233230869327396118e+00
2.031588265970099560e-01
-3.498083362359456494e-01
5.430734372200247684e-01
-2.237284197225259674e-01
-1.310054201901486026e+00
-1.042275700187262677e+00
6.195721778751890341e-01
3.509856132491921965e-01
-2.690081082658528189e+00
3.325909671590175920e-01
-2.208408902296866982e-02
3.551415597133869007e-01
1.976923606023812452e+00
-2.602106706374379463e+00
1.734777320631761266e-01
2.090065746503209088e-01
1.348026297208133828e+00
7.970205280637265854e-01
7.629055718647752560e-01
1.153400129518525885e+00
-4.233894228259703629e-01
2.407618371161218962e-01
8.845203677870341896e-02
6.583168314294773893e-01
-1.259384430249548270e+00
3.057974559494729405e-01
3.321313570104906798e-01
-7.548837450637440050e-01
8.779514394210402584e-02
6.754926602579555128e-01
2.350721054044795366e-01
9.898070480928686798e-01
1.911339365808202517e+00
8.937260944013445396e-01
5.273170207798569264e-02
-1.734547183670706594e-02
2.733468684214807043e-01
8.239280221139101412e-01
4.230331664134124869e-01
9.152406256147010977e-01
1.004892203450463040e+00
1.743822161380855773e+00
-9.720203517821527361e-01
3.885550980002225874e-01
2.536720843171962336e-01
-1.574193194682842467e+00
-6.862688573458254337e-01
1.754336046595806220e+00
-8.094965378702303482e-01
1.149829041751054159e+00
7.367998763121386130e-01
-2.833831694904364040e-01
1.097497542209490140e+00
-5.180955782906285778e-01
-2.038439256011936318e-01
-9.230776073388988756e-01
4.854395521348722209e-01
5.754876744724950477e-01
5.986365477470573238e-01
1.834977136774916529e-01
1.832442365299183695e+00
-1.451598279070661857e+00
-6.940435422268570465e-02
1.309227126245337547e-01
1.126931337442397485e+00
5.151367514440683415e-01
-3.730786823510870986e-01
-4.537596696139469254e-01
1.081033476742088606e+00
-4.735834928644938602e-02
-1.993668440710252288e+00
-2.022432856135703561e-01
-1.287048607970371572e+00
-4.393027946705934106e-01
2.799973155639217115e-01
8.237762832312902628e-01
4.285898358038930933e-01
-8.308107298083670100e-01
1.563954480393750401e+00
-1.923011596078025631e+00
-7.987151947988222478e-01
2.280065658992354583e-01
2.746699752066770195e-01
-1.042440952605143689e+00
8.520920330816292854e-01
-8.991072936906695512e-01
2.518084142908554868e-01
5.014123857285122110e-01
-1.330457183763315010e+00
2.931329195800072007e+00
-7.577187161307451513e-01
5.121035709700108018e-01
-2.134697038752018661e-01
2.215084609007855199e-01
7.343258119631129732e-03
-2.792160077343374125e-01
-9.654619847964286405e-01
-1.388169595568370829e+00
4.476377143877529607e-01
2.119610155837419629e+00
-1.453329955265922235e+00
-2.913272470176950235e-02
2.065146797319599603e+00
1.354702963866959209e+00
6.088769647814200603e-01
-1.301904700413944793e+00
-1.009555693460296721e+00
4.348614264241307814e-01
1.822685480840979588e+00
-2.175713393905074344e-01
2.915117728434691857e-01
1.518215556204863370e+00
-6.076876204417215321e-01
1.754800363047941680e-01
4.721927501983111397e-02
-1.963849742296555512e+00
-8.941033774822035873e-01
1.483762946330303922e+00
-6.648969649693888817e-01
4.191924336502864668e-01
7.467724324982282225e-01
-1.227774955090860987e+00
1.067018554918571338e+00
2.049693321891421949e+00
2.116616559491049376e-01
6.453444230446894747e-02
-2.030312838883668647e+00
5.476310782408874700e-02
1.769078865221806574e+00
-6.754715935343820199e-01
1.907533024754397011e-01
-2.775238391962384088e-01
6.426431172048360230e-01
2.553671451777077550e+00
6.931426489499135091e-01
1.112016845909906820e-01
-9.503909825763325048e-02
7.778665526882360126e-01
1.905917722698918793e+00
-2.076074575395331079e-01
8.488699310278027266e-01
1.489558212680036853e+00
-3.315564019508989158e-01
1.136195235541656690e+00
2.659668428177921484e-01
-1.304325243101251530e+00
7.689718429372275343e-01
-2.304277071641188113e-01
-3.497897350145823259e-02
1.207159961489446820e+00
-4.638063343309190012e-01
5.702276190253463550e-01
1.286650529838491375e+00
6.729590926178637966e-01
1.175190836193637400e+00
-1.612497394476012813e+00
-1.202989365520776843e+00
-8.933145579687377102e-01
3.956343912970020638e-01
-3.637380623836155014e-01
9.279796862206388663e-01
1.162215100581494243e+00
3.557198648740781954e-01
-7.981973271326197050e-01
-4.371721313057987390e-01
-1.339576872973691213e-01
5.957260852739953982e-01
-2.099021041492368678e+00
-1.234616312736701360e+00
1.737434493609782304e+00
3.573935220119520695e-01
2.500928156015277182e+00
5.798231004898029006e-01
2.098377700263414081e+00
2.727408335276707563e-01
2.357623871695531559e+00
4.413075047430079501e-01
-1.109072638269048783e+00
-9.844715423777961050e-02
-1.057824010021169159e-01
-1.699118317555203261e-01
-1.051600626597175347e+00
-4.803074618157434639e-01
-1.354389264978722862e-01
1.169048557364807062e+00
