6.296204748391354133e-01
-1.052186886996675952e+00
-1.281286806934748945e+00
3.021516854339030278e-01
-5.181242230324953901e-01
-5.167136138042636162e-01
-8.577014331099523936e-01
-2.433627916624945819e-01
-3.674926593628569105e-01
5.116614468472530097e-03
-1.726109727354292023e+00
-4.530522582338409876e-01
1.237810919705378543e-01
-1.219892549683406324e+00
-9.418435887256314532e-01
-1.857153106632339901e+00
4.017868151581968306e+00
9.465570364464910291e-01
3.773384591673014099e-01
5.719497381311822171e-02
7.442809082655038599e-01
-6.954204211036087990e-01
-9.536282656978462002e-02
8.326534279690117613e-01
-3.455727693844186099e-01
1.350589655886410834e-01
-2.038287844563998197e-01
-8.625363356076789501e-01
3.380793074243911844e-01
1.460072165222688456e+00
-3.337984066070123212e-01
-1.572963164994108265e+00
1.765719560122508636e+00
-3.036539926020052071e+00
-2.465353488898675005e-02
-1.023534030566840780e+00
-1.433719011228133500e+00
-8.476287103846161242e-02
4.225917617082775024e-01
-3.876606012368997156e-01
-4.575589064083387392e-01
-2.406563073299957889e+00
-1.000542609075761646e+00
-9.897488109673533430e-01
-1.053681200109764404e+00
1.039768356931978888e+00
1.470236250451273374e-02
2.172809105173897914e-02
2.433579559867116160e+00
-1.067971343599464218e+00
-8.889431554919733358e-01
2.359770082461023044e+00
-1.045730742472414931e-01
-1.008007518933251578e+00
9.040022071365345635e-01
-3.202251612004081149e-02
2.864957443986855701e+00
-7.477389091331200222e-01
1.194420855147651644e-01
6.438224500112984527e-01
2.239759940092552526e+00
-3.051702702087689123e-01
-2.107020068398508528e+00
2.554245982311004859e+00
6.716311951931475122e-01
-2.057700580129702139e-01
1.660819129365644908e+00
-7.255403875455888052e-01
-1.588471520271158566e-01
-7.035932398220814399e-01
1.580098608323520670e+00
7.574098127883525100e-01
-6.458020684568563929e-01
-4.339274748444140739e-01
1.937517816519900071e+00
4.128147457453430480e-01
-1.104823625640397378e+00
-1.483683706283352777e+00
1.468016039123773153e-01
-1.490843150843755849e+00
1.149146153317835983e+00
3.911168056343789501e-01
6.726471692728172025e-01
-3.962893568040325443e-01
1.226461211731926015e+00
-2.556390517855981592e+00
-1.246732444533744877e+00
-1.123554104607692228e+00
-2.436207922954285732e-01
-1.432979197233877233e+00
-1.949862682642808487e+00
-2.223976224427899773e+00
-3.194878565961719596e-01
-2.913673444588508743e-01
-1.496613908834175222e+00
-1.102650087990283634e+00
6.081569555166891350e-01
-1.907562038527674808e+00
7.952620796159998173e-01
4.944355799897964809e-02
-1.013276630542308432e+00
-6.977735341082667020e-01
-1.800114739676533793e-02
-2.075491865962047378e+00
-4.539334993333892787e-01
-7.249512372741373500e-02
2.220603836114820318e-01
-3.146819273982272569e-01
-9.649010358531140419e-01
7.563826031617875145e-01
-2.605243622670329051e-01
-4.413554717100365843e-01
1.722918344715884675e+00
3.122673091941263745e-01
-5.992828274673120958e-01
2.205773085865549155e-01
-8.569650698477014883e-01
1.774311075741711097e+00
8.516178694113141212e-03
-8.295535304348057304e-01
-4.910643657022848441e-01
-1.881568418269935206e-01
-9.249430943846741471e-01
-1.241981353639540764e+00
-1.270211359108863736e+00
-1.652073082431284368e+00
-1.270328261570428330e+00
1.819689666632470781e-02
-4.802663111652157868e-01
-7.659448242619799618e-01
-1.542087234745900037e+00
1.175596688767229558e+00
1.023781741943614154e+00
5.642262127875156130e-01
-1.013345993042765736e+00
-1.562816059936113611e+00
-1.584464941284213779e-01
-1.437085372782517245e+00
-8.887372704331630846e-02
2.656171349963284189e+00
8.567938846732761071e-01
-1.921670597954171056e+00
-1.600055808933002144e+00
6.023585670309452578e-01
3.902712670541231277e-01
-2.410252128181064268e+00
-1.944446632343780623e-01
2.797796560655766207e+00
-9.605261337101245189e-02
1.081525299000620111e+00
-3.417963722387265535e-01
3.071257317480738935e-01
-5.975107576740856796e-02
-3.805600416785241413e-01
1.316933531456137452e+00
-2.811701420063166701e+00
2.808601442627074007e+00
5.730248362883794133e-01
1.144238883808198048e+00
-9.221004709958587897e-01
2.402399862984042400e+00
1.998695966949726732e-01
-7.664435405214118369e-01
5.419684084130956814e-01
-2.893291264793951267e+00
-1.321147403089346917e-02
-1.388104236274134262e+00
7.947542490544303728e-01
6.305143624624800491e-01
8.275693636742724735e-01
-5.380507235899211205e-01
-4.849894210036945208e-01
-8.845783408803475911e-01
6.014865547264893753e-01
6.176857933844528414e-01
1.887818134527214475e+00
-3.833867949584717216e-01
1.821282597940712789e+00
7.518227550135215820e-01
3.687994834202830696e-01
6.786795381342801692e-01
1.786002879618794337e+00
-8.633771059371875278e-01
-7.977395250496299717e-01
-4.360078806693715725e-01
-1.796803221101616610e-01
1.107290306744186381e+00
-2.243577181974904244e-01
-2.216280418703773791e-01
-1.834941853367637321e-01
-7.472612587251191707e-01
-2.719859758686131279e+00
-1.535485718311294434e+00
1.003811187144928452e-01
6.314902972146958504e-01
1.558488658790526671e+00
6.711925575458260740e-02
2.145726763684852934e+00
-1.040480875202601130e+00
-7.658679170965244642e-01
3.119726886936263210e-01
-1.688699650183806078e+00
1.809188922192470628e+00
1.840836694130171536e-01
-6.245325561045115270e-01
5.988125447201996243e-01
-9.123575626040234532e-01
-4.890953709175409059e-01
-2.910202032710223818e+00
-9.659261558027095740e-01
-2.269135851671648219e+00
-3.143732685340898669e-01
1.006123763251524528e+00
9.603179981216097838e-03
8.738714721540855046e-02
-6.082859273059629812e-01
-2.791772240903314106e+00
1.198480973038784869e+00
1.562536861913641495e+00
-1.910598888519560168e-01
2.456263075089693437e+00
7.580459827688137420e-01
-8.317479616691174638e-01
-5.514882930519021675e-01
-2.032046140995312555e+00
-1.564784450100140001e+00
1.215653377809619462e+00
7.615111456895672370e-01
-2.523179033601747334e-01
-1.136718804163962204e+00
-1.126421998016890136e+00
7.926993969419872110e-01
-7.243896056193263044e-01
2.687794027026733534e+00
-3.075219273489998018e-01
-9.747065978448714585e-01
-2.308503317261945131e+00
-1.620739392713049565e+00
1.298207303957410019e+00
3.928657260112186078e-01
-1.113301523029607942e+00
2.614462619616968020e+00
-7.626382803616804651e-01
1.541083846264064583e+00
9.044314141836902188e-01
9.421108319245247165e-01
-1.186731615994117028e+00
-7.256412199649902028e-01
-5.350721080736312585e-01
-2.713468541198587491e+00
-1.997776818708540514e+00
1.823722147230343982e+00
-7.779051238842658034e-01
1.489382021417628543e+00
1.911280154200914128e+00
6.306781491470439538e-02
1.170929644405413139e+00
8.453366478385430094e-01
-1.062082687677131654e+00
2.395211073063906460e-01
-1.162047454158526616e+00
-1.643424429875036230e+00
2.886568815057509063e+00
5.653589551643356526e-01
-9.658351027214464590e-01
