-2.735590713195414914e-01
-3.188635497940386920e-02
-4.323852116707631588e-01
6.955897003035742543e-01
-8.589422035043748904e-01
-9.561803926607095327e-01
2.925755571883923434e-01
1.817139498901494399e+00
-2.590182897246249838e-01
-1.918295942007101074e+00
4.309251225266728935e-02
-4.573405166416880663e-01
8.124579897142456542e-01
9.475244693875936597e-03
3.532074828925724219e-01
1.174435162248314235e+00
1.653436414716671909e-01
8.566274224556269523e-01
-4.403493199150004811e-02
-8.232809944765078214e-01
-4.358613035440186412e-01
1.115084609346264743e+00
9.231001442959317904e-01
3.820315577165689369e-02
-8.536054434152398063e-01
-1.487599637593283175e+00
1.684685961421764078e-01
-6.899726558051859637e-01
8.915486118341535704e-01
2.061980928640102795e-01
-9.513399675076308348e-01
-6.399019157462424445e-01
-2.917250152947815645e-01
2.136798217249595289e-01
1.489394193361892049e-01
-3.799341140952194884e-01
1.173189297475001752e-01
-2.020671133396669372e+00
-5.957779896462181424e-02
5.675295231167731824e-01
1.207124721248513111e-01
-6.439011460464260095e-01
7.211444702692254571e-01
-7.519722021186616701e-01
-3.005400531318016544e-01
5.464399476096699626e-01
-1.962995150625538865e-01
-5.414502460694678998e-01
2.077240408541377592e-01
-7.328183217287570494e-01
-9.546781577539892316e-02
-1.040900706968639344e+00
4.572247188164176301e-01
-1.078157393711605572e+00
-1.551481789539256972e+00
8.969765774779888678e-01
3.705291304279379472e-01
5.838323302084080790e-01
-8.233137723006018760e-01
-6.772033612845200778e-01
8.231253748336531118e-01
9.024001241245503957e-01
6.272577229873388394e-02
1.082292121219692982e+00
1.045062421321816259e+00
2.529542274496261012e+00
-1.996161112732748599e-01
4.397938201438423289e-01
9.658349795139339333e-01
6.545268910154842246e-01
7.325722099475199256e-01
1.108840635456041612e+00
1.531696385617503431e+00
-4.889914987661333479e-01
1.143407420846283440e+00
4.362754115223816953e-01
3.195463183951371411e-01
-3.641972473193846871e-01
8.364926488501280843e-01
-1.606514106707143341e+00
-2.230357250009892933e+00
-3.113659403406919823e-01
7.842853226689370238e-01
-4.285438822630661670e-01
-5.079456254304134388e-01
3.872252271874717433e+00
4.728500865755043137e-01
-1.424715990833430590e+00
1.697718085521583209e+00
-1.750492162346610758e-01
-5.697785168779191389e-01
-9.952293236697908885e-01
-9.434540764541424207e-02
1.408578310055099259e+00
1.807270049540638857e+00
-9.552926916403530200e-01
2.241738236160424058e-01
1.411073200312034981e+00
8.547136097861991466e-01
-7.956321876759099576e-02
-1.054437564603164956e+00
-9.087856060911463363e-01
7.761162700570853890e-01
-5.214794146366541483e-01
7.803568371850134744e-01
-3.434918304554194446e+00
1.548239020222979823e-01
5.662792177477168898e-02
1.124511809286097841e-01
-8.834914917817073832e-01
-8.417844584448250234e-02
1.983491062243745828e+00
1.360099404597436168e+00
-9.514069383543866110e-01
-8.680266232841684637e-01
-1.225183797152377796e+00
-8.033539952576376209e-01
-1.424565699079069159e+00
-5.613726340563389705e-01
8.496235696666748494e-01
-1.578353176963335880e+00
9.715693351173738668e-01
1.594452769990220453e+00
-6.218533939562622681e-01
-1.582222382102177249e+00
-2.145934938158486904e+00
1.700881898700141726e+00
-1.309318714051664223e+00
5.805765836008693892e-01
-1.615319541758599708e-01
9.141836634900377678e-01
1.199561885484503154e+00
4.250271934738670820e-01
1.962120581450300216e+00
7.257797434207524656e-01
1.732565052818003659e-01
5.952054349519246834e-01
4.677774675567322737e-01
2.509394721594541133e-01
1.084064966082356696e+00
-2.034441853384172383e+00
-2.549482690028348486e-01
7.073287297241761529e-01
2.954632744088706575e-01
-5.990130985918155904e-02
9.033667211993551271e-01
-4.583375274378310715e-01
-1.590902821187612393e+00
-2.396422365107352404e-01
7.150027496134174765e-01
6.561226043968138022e-03
-4.237618219132602837e-01
-1.664366479245394492e+00
1.516564297033876629e-01
3.983743134047617040e-01
8.735173083536411642e-01
1.501909760941666727e+00
5.938395311649204977e-01
-1.233689968799867476e+00
9.994181416083653957e-01
-7.759999083915500306e-02
2.313597314211899736e+00
2.287208372932349465e-01
1.886717631370120163e+00
-1.010814514232486028e+00
-6.585085939474453198e-01
1.087323376596722291e+00
-8.765364226887939481e-02
-1.238271417418093323e+00
8.026003399882715161e-01
1.224129764428463218e-01
1.936242873229357953e-01
-8.134693857549682994e-01
1.392440918614518353e+00
-1.108510181333686617e+00
-3.101270172363207678e+00
-5.207363058900964514e-01
1.146388509066024186e-01
1.374865393945077785e-01
-2.235740781154620105e-01
5.497542656219475687e-02
-2.835217949323287634e-02
-8.833638867414220219e-02
1.329380834625930818e+00
8.408428366026518552e-02
9.902575587891098152e-01
7.941076504716875206e-01
1.554200263392030879e+00
3.452725322851859513e-01
1.465337715693484144e+00
8.550509843943194799e-01
6.511526683259272197e-01
1.328915821003438857e+00
1.516084216421574871e+00
1.241993761983960720e+00
-3.030437227802622591e-01
-4.999142484781985973e-01
-1.020142881502245302e+00
2.789065117156030449e-01
-2.575816702397997204e-01
4.512894082640681592e-01
-1.735716008691756906e+00
-5.730797947932289027e-01
6.065182924336867121e-01
4.292851813403402161e-01
-1.088000178667091422e+00
6.272191326861889515e-02
-7.204037264499291160e-02
-1.698054122741963767e-01
-1.939804247528081671e+00
1.003261511214597945e+00
9.940067090906909986e-01
-7.242098063576121181e-01
2.022187686176432353e-01
-4.174639107851746411e-02
9.608341537949227629e-01
8.605120949691673626e-01
-9.214422028031308276e-01
1.542909413303686472e+00
-4.674452502540044074e-01
-1.210295796833467552e+00
3.119050000637422770e-01
8.942998520891287662e-01
2.823416355806587785e-01
2.200109859242851407e+00
1.396208171380443064e+00
1.427090451847912611e+00
9.877914785748884707e-01
-1.140831244589244342e+00
1.483639285510531813e+00
-1.192662548124169053e+00
9.766966148884816956e-01
-9.786841190052320005e-01
8.823117310848060946e-01
9.945136464769284146e-01
1.056961842395360618e+00
1.112701446493403967e+00
5.642838201690376643e-01
-7.162712486740597795e-01
9.667293703674733063e-01
-7.988835623162779953e-01
1.010036426249181440e+00
1.185776653102258438e+00
1.022577869095523173e+00
9.187485501166154922e-01
-1.322417122901723197e+00
-1.687875091725714594e-01
-1.232190301895905060e+00
4.579460136841096984e-01
1.990456095076441612e+00
1.821607632646384145e+00
-5.222208423854444170e-01
-9.771903913153476839e-01
8.003783602375147410e-01
-2.552063203229199551e-01
-1.008326445964275564e+00
1.611894701087557058e+00
-2.040657583574652989e+00
1.915811044900694426e+00
-6.213988882373172595e-02
-2.622716540186840750e-01
-4.677692924375401740e-01
1.142532311628935870e+00
-1.895218629901004315e-01
5.324563100081891598e-01
