1.689391499297674404e+00
2.854253852239354572e+00
-2.604798678502602272e+00
1.653063285485364187e+00
3.184659407705600742e+00
3.426381050690919583e+00
-4.545204292695516735e+00
-2.866218503005748985e+00
-1.457239904453556001e+00
-2.477748110622833011e-01
-3.068478563524149605e-01
3.595035146749953725e+00
1.996951884113650433e+00
1.639059955029934068e+00
6.106305497654382908e-01
-5.498953118718813426e-02
-2.436203220040258355e+00
1.444879836313951449e+00
-2.174025272043457413e+00
-1.003686015218956396e+00
-4.146759054898529584e+00
-2.353379326883198619e+00
3.825928873098709104e+00
-2.263320957192133331e+00
1.522261028175774245e+00
1.965138193564544444e+00
1.105181775560285296e+00
1.340765459304189999e+00
2.001061976490414729e+00
-9.012819483123241326e+00
1.288991651139082428e+00
-7.061402312446490859e-01
5.210644669498143422e-02
3.370548397638407856e+00
3.394220897584252938e+00
1.873253837841041491e+00
2.351296027069223804e+00
-2.493642041435051304e+00
1.377184124637609586e-01
2.524503843954524207e-01
-2.527399349470019985e+00
1.448350346724397220e+00
-4.070439071541670728e+00
-1.035957221128644967e+00
-2.529320335984198920e+00
4.380724497748053281e+00
-1.147801146904674940e+00
-1.703052217674367430e+00
1.811457579734538914e+00
7.189909321371193984e-01
4.460686142707690927e+00
1.291202811556252161e+00
3.016141500177056400e+00
-1.905185065373250941e+00
-2.670337871983302858e+00
-8.149082913657105243e-01
-3.286399962546438402e+00
2.702915659337598253e+00
-2.193563733484120704e+00
-1.105878341944864562e+00
4.787787234406542858e+00
-2.456976415309675588e+00
9.245468113214683203e-01
1.819870314621748530e+00
5.016095416748775904e-01
1.426491574540739382e+00
4.475423781105823395e-01
2.149619875032877658e-01
2.889112437268713807e-01
9.696261971366071375e-02
6.553207700227690058e-01
1.930674729200842155e+00
-1.685020767525138741e+00
2.221006073762343547e-01
1.260077659005327533e+00
9.584723194725486284e-01
1.058678203949845464e+00
-4.493429176011191073e-01
1.102754377589067802e+00
-7.249001137095738567e-01
2.883004186547608150e+00
-4.209066567007819781e-01
2.702000812833565968e-01
-2.115850924260119115e+00
-3.568038638530668827e+00
-1.057909268556446847e+00
-4.658048272143264779e-01
2.870768609132631433e+00
1.189545043453465567e+00
-2.143170935027371993e+00
-5.201660343887319904e-01
2.006198651617989714e-01
-2.614773080974301500e+00
-6.553186456840540686e-01
1.278931291008553961e+00
1.933068307139697017e+00
-2.937536498883899228e-01
2.292282420954719235e+00
1.258691985331789054e+00
-4.120068231036823292e+00
-1.862142910153858466e+00
1.707965430191228595e+00
-1.547141276621321726e+00
2.908633053690446779e+00
2.354343853555505905e+00
2.752250218476235410e-01
-2.474798712541340873e+00
-3.816049908253761558e+00
1.791053813997865563e+00
-1.605797537127958030e+00
-1.879347037058344272e+00
-9.672167439346438522e-01
-2.023303129893094798e+00
1.098881567932603831e+00
3.339191960576181284e+00
-2.605582921707350064e+00
1.640713513990496031e+00
2.613555608673447495e+00
2.339623954853045529e+00
-2.611412581725838677e+00
3.069345339471388767e-01
-1.547230259020079712e+00
-9.783900924429789203e-01
-2.468589445223558609e+00
-1.300804579787182114e+00
-1.939154026522977858e+00
-6.304296205495772965e-01
-1.154733908959796773e+00
3.179955595906877708e+00
1.871599014810128858e-01
2.500624141860956051e+00
-3.296700943509270232e+00
-4.243211069671391833e+00
-2.355660700654186090e+00
-1.054842881054609105e+00
-2.041813533795937108e+00
-5.204442796205328570e-01
5.197982223291355286e-01
-1.172118611138075917e+00
-1.411750367401644057e-01
-4.671789464861012542e-01
2.888548363875290681e-01
4.045386964717323508e-02
1.334861575978633919e-01
6.854093345420649852e-01
-9.691413878819461480e-01
-2.245201163489150442e+00
1.024476340353749793e+00
-5.749672181063463228e-01
9.680410873415206119e-01
-1.648933490610480668e+00
3.866965161370209403e-01
2.360598415339516531e-01
9.431055768071908707e-01
1.765816019165048711e+00
-6.429767372414165738e-01
-1.015829532209480801e+00
-5.511842359905928523e-01
1.878119886233468594e-01
6.878217182744322811e-02
-1.162521115479463463e-01
-6.919260096476458344e-01
1.211161965022927500e+00
2.051652651856830101e+00
-4.771721833327891460e+00
3.254616085602932696e-01
1.138675483599043359e+00
1.601732894390185180e+00
2.589896821978952879e+00
8.209069474418655421e-01
4.394623324094427019e+00
-5.314896672900074392e+00
6.472706594364496802e-01
1.748328100328124357e+00
1.378561349305246764e-01
-2.464431736227160830e+00
6.702080819031102088e-01
6.146274259482818358e+00
-3.406154140139703301e+00
5.911542479766785929e-01
-3.862245908198242983e+00
7.269185857379140137e-01
-2.727459786932735053e+00
1.652700053813341619e+00
-4.784920346867751917e+00
4.801139719092099689e+00
5.203498552731431914e+00
6.721974096248922947e+00
-5.963394686003087308e-01
2.490315449106093482e+00
-1.495145206639775015e+00
-6.011535913323053926e+00
-5.324727190095415175e-01
2.002750586157533430e+00
1.770533622848269095e+00
-2.626924016229125414e+00
6.225086490762563596e-01
-1.508810146019851084e-02
2.896841826490586413e+00
4.261881547610327226e-01
-8.814624638510857313e-01
7.056527066833812256e+00
-5.920140684699963352e+00
5.539441228404284878e+00
-8.728534908541476511e+00
3.412180766736873094e-01
3.713509274551676675e+00
-1.559717703239211328e+00
-6.780747088947248535e+00
2.886420033479870639e+00
4.271629087002152936e+00
5.103264237164380823e+00
1.999970572526114321e+00
-4.265597444223747203e+00
2.064275311547265623e+00
1.780442300106492626e+00
3.153757076261238357e+00
-4.090150180675773406e+00
6.170017295145728831e-01
-3.204226750582173100e+00
1.294464653192772152e+00
-4.830080803900053787e+00
5.443411133681761882e+00
-5.771080082865704952e-01
1.643721898183410968e+00
-1.016896008777819604e+00
-9.165948133836597789e-01
-1.247244749341674508e+00
-2.664255670562162837e-01
-2.453467118590196616e+00
-1.259379788154845414e+00
-3.029062840598833795e+00
-3.709873875492061046e+00
4.393188471966849029e+00
1.676361148522129696e+00
2.019755042316978333e+00
4.750097816958972707e+00
-1.382536303292061675e+00
-1.918826626899280408e-01
8.168203792370669625e-01
-1.618814971288230042e+00
-1.763864222858548381e+00
2.522374320772470924e+00
5.890275223707503116e+00
4.379372915157369484e+00
-5.829883223614624743e-01
1.678516346227746092e-01
4.831104314263743760e+00
2.276309159960070438e+00
3.024811672586385392e+00
-3.448477601850300722e+00
1.673946724330352409e-01
-8.113747993885622734e-01
-3.487010303318154314e+00
-7.143116413997440128e-01
-2.956648655688009608e+00
3.061519274373101673e+00
-2.498170119099532460e+00
2.183079211005889420e+00
-2.855583882826320807e-01
-1.672253958436088928e+00
3.606478103923905554e+00
-3.235021112546563327e+00
-1.152512370908456152e+00
-1.817040559227734109e+00
