-3.242361074321764569e-01
-1.289323944890534079e+01
-1.434715617024708934e+01
2.276569476522046998e+01
1.093280217023158585e+01
-7.899875398373847446e+00
-1.504644841802722510e+01
-1.479359819468274395e+01
1.280791564314084319e+01
3.855151125532282563e+00
4.261742925176642549e-01
-1.710850268687322817e-01
8.453869918445681364e+00
-1.081238757681515850e+01
-8.016435138497763901e+00
-7.308589512607473360e+00
-2.683235405415663744e-01
-6.998446108636731111e-01
1.555604779675095628e+01
8.773068515858970073e+00
3.741425509546101758e+00
-3.733902261486081731e+00
1.503387507487060182e+00
3.985490818326482998e+00
-3.445825744608541186e+00
-8.216684719642685764e+00
-1.075057874685078518e+00
-2.256118802433874393e+01
-2.208066302189345187e+00
2.360614362722681214e+00
-3.493730512048664583e+00
1.302453580321026116e+01
-1.155541884095399752e+01
-4.328405866617780262e+00
-6.874392452378828011e+00
6.342247920339929124e+00
4.458900949045834672e+00
1.048527840350435270e+01
-5.336642286200198093e+00
9.462106398332780444e+00
9.555948496819263838e+00
1.400418825427826341e+01
8.142659767152053973e-01
2.355583510710176576e+00
-4.206555862831653947e+00
-5.630517054690711731e+00
-4.798282503310364433e+00
2.812139960720102749e+00
6.216982517144576725e+00
-3.830312413644117342e+00
6.260042482072638137e+00
-1.054314610714291156e+01
4.519374393136370571e+00
-1.307881042622833112e+00
-1.678373943881284447e+01
-5.495136209556240381e+00
-6.725702119637277931e+00
3.821529470052160704e-01
1.524513470341346633e+01
-1.487607819233305761e+00
-1.232536303388530463e+01
8.461895566701451710e-01
-3.054431749040715793e+00
1.113127621866557249e+01
7.296567185884874629e-01
-1.115089081233517465e+00
1.900892926500050706e+00
-1.522876213331772988e+01
-6.166058538567559921e+00
1.296024506809507670e+01
4.766282574835988939e+00
-1.015546004653965273e+00
-5.679188228345280365e+00
-7.786133248946727647e+00
-6.830109362442044585e+00
1.598573754548001169e+01
2.140113493773260434e+00
3.644171478095445948e+00
9.232062888132970713e+00
4.964459334899530951e+00
3.062819696466488217e+00
-2.923989880159385546e+00
8.362821870504710375e+00
-4.569909023489153732e+00
-4.251880849295902820e+00
-8.299368876622866154e+00
4.261412384883036530e+00
3.040686584231642620e+00
2.090588200641871341e-01
1.441375299166024693e+00
9.701371661451809736e-01
1.793893894348620899e+00
-6.039859113768764054e+00
-3.487351848976568469e+00
-1.788967384671263705e+00
2.528073812912771778e+00
3.692463883231083432e+00
2.126384427836342517e-01
6.368850434543615435e+00
1.517613478814316963e+00
-1.128398991975194932e+01
-9.710436572099483854e+00
-5.455196753780093388e+00
9.659104472426410126e+00
6.289016635812795464e+00
1.033023717694199739e+01
5.003363081835749959e+00
-4.402519300613211506e+00
2.917846344180147433e+00
-1.172123319130739461e+01
4.130120271827870226e+00
1.633648776798162228e+00
-1.752541466905251255e+00
7.249329506422716562e+00
-3.025164965765180014e+00
-5.084418859716247852e+00
-5.772180866575668645e+00
-9.340684494753441314e+00
-1.368591525911359597e+01
1.370454348468392425e+01
-9.679213909710071562e+00
8.849290081099658423e+00
-7.364159598768388548e+00
-1.114985975182013078e+01
1.599189244614002980e+01
-4.395327608659584051e+00
1.631167073070014517e+00
1.781087689537922403e+00
9.801516706861364003e-01
4.371558501812866648e-02
1.016755750232797695e+01
-5.227109349507115255e+00
-1.208375862380496102e+01
2.374482236708645644e+01
1.078451174272123003e+00
6.266054749161580339e+00
-6.177170295946276646e+00
1.539906043851888739e+01
-2.881940315020666610e+00
-9.235448403050352084e+00
-6.687472377535534029e+00
-2.443587816945800739e+01
-1.517646584539939525e+01
6.826479448108322856e+00
1.364885482594461585e+01
-5.511156687597070558e+00
-7.264181334598529105e+00
-6.838660670601822922e+00
-1.890667548711268253e+01
-3.831293864623154910e+00
3.239512370166329536e+00
1.777171286900657776e+01
-3.075963556700472168e+00
-3.087814044496544508e+00
1.192809101893963408e+01
5.919866237270459131e+00
-3.974374277626478325e+00
1.490205970751478981e+00
-1.075502853409376769e+01
-4.520166685849294375e+00
-1.322976687476327129e+01
-3.757499939653840215e+00
8.442995142654371676e+00
-5.388449467931581971e+00
-1.017576415062718098e+01
-7.123265877473601293e+00
1.694093683131636041e+01
1.493273966054186630e+01
-9.678881556007851827e+00
-4.464183312322955288e+00
-2.107806144363655321e-01
3.157616015335093174e+00
-7.314735426127727536e-02
-8.313407992387267242e+00
-1.021105878987448534e+01
-2.632367929729628742e+00
7.089721018339671943e+00
1.269576491622666836e+01
-3.039701724801153748e+00
3.371338115383841938e+01
9.687736007674646599e-01
3.940661812434439470e-01
-1.872837108974822140e+00
-4.753987583798680916e+00
3.502040799677868854e+00
-5.939155775264986836e+00
-5.382140300613346362e+00
-3.814364432358051893e+00
1.393383906934850813e+01
6.906712764129200544e+00
-3.689301723259078347e+00
1.025790158933093998e+01
-5.791414061166933358e+00
-1.489886639396490864e+01
5.103202563258114388e+00
-9.294905532645876267e-01
-1.113148375619058772e+00
-1.384540890821729597e+01
-1.601414657381853068e+00
6.010906061470572048e+00
7.656419376286529577e+00
2.565066588365275013e+00
-7.921083908198860435e-01
1.089099296822266361e+00
-1.245536256135006781e+01
2.966210875148949544e+00
7.052025861712593269e+00
3.450750558117052780e-01
5.960679460500342586e+00
-5.192651676921922643e+00
-6.615566048760761930e+00
-1.694369078533894069e+00
4.337649120671663638e+00
3.290253258213964305e+00
5.049959580614179266e+00
-4.603922791883836574e+00
5.478008377097710380e+00
9.068341299282833834e-01
4.859995615747032538e-01
-1.559171384461391341e+01
-6.659977219574290785e+00
-1.150083190825176072e+00
9.981853613056706820e+00
-7.927199798716067392e+00
1.636055061972357949e+00
-5.285253808073595572e+00
1.488318399347399712e+01
-2.136018791434561948e+01
-9.510748290982375952e-01
2.482218972738406748e+00
-7.389915241078332642e+00
-2.439846444790850999e+00
-3.739547891058354612e-01
1.032488537756669267e+01
3.631384576757768823e+00
-1.544202538816462855e+00
1.508030186380281856e+00
8.912480779771575712e+00
8.050600624201878830e+00
2.667583969350841411e+00
-1.705684988658965295e+01
1.313576568352494434e+01
1.061246380711850712e+01
-3.101660440616298420e+00
-6.911383065962372285e+00
-6.026781609554635821e+00
-1.053391636196853653e+01
-2.312597266232878823e+01
-1.538342132542008800e+00
2.571321920426617780e+00
3.236521084489168754e+00
6.134968908070288940e+00
1.440396684284583451e+01
1.679079116542092631e+00
3.114696874242087077e+00
2.830324204491193818e+00
1.239487217123314444e+01
-6.110831705060347119e+00
-7.764037506129380262e+00
-4.955016892998499678e+00
1.289750769494431015e+00
-1.808441410844449493e+01
1.440039337596799562e+01
4.768910404121402991e+00
-7.146653792221331791e+00
